1990010100
1990010400
1990010800
1990012200
1990012500
1990012900
1990020100
1990020500
1990020800
1990022200
1990022600
1990030100
1990030500
1990030800
1990032200
1990032600
1990032900
1990040200
1990040500
1990040900
1990042300
1990042600
1990043000
1990050300
1990050700
1990051000
1990052400
1990052800
1990053100
1990060400
1990060700
1990062500
1990062800
1990070200
1990070500
1990070900
1990072300
1990072600
1990073000
1990080200
1990080600
1990080900
1990082300
1990082700
1990083000
1990090300
1990090600
1990091000
1990092400
1990092700
1990100100
1990100400
1990100800
1990102200
1990102500
1990102900
1990110100
1990110500
1990110800
1990112200
1990112600
1990112900
1990120300
1990120600
1990121000
1990122400
1990122700
1990123100
1991010300
1991010700
1991011000
1991012400
1991012800
1991013100
1991020400
1991020700
1991022500
1991022800
1991030400
1991030700
1991032500
1991032800
1991040100
1991040400
1991040800
1991042200
1991042500
1991042900
1991050200
1991050600
1991050900
1991052300
1991052700
1991053000
1991060300
1991060600
1991061000
1991062400
1991062700
1991070100
1991070400
1991070800
1991072200
1991072500
1991072900
1991080100
1991080500
1991080800
1991082200
1991082600
1991082900
1991090200
1991090500
1991090900
1991092300
1991092600
1991093000
1991100300
1991100700
1991101000
1991102400
1991102800
1991103100
1991110400
1991110700
1991112500
1991112800
1991120200
1991120500
1991120900
1991122300
1991122600
1991123000
1992010200
1992010600
1992010900
1992012300
1992012700
1992013000
1992020300
1992020600
1992021000
1992022400
1992022700
1992030200
1992030500
1992030900
1992032300
1992032600
1992033000
1992040200
1992040600
1992040900
1992042300
1992042700
1992043000
1992050400
1992050700
1992052500
1992052800
1992060100
1992060400
1992060800
1992062200
1992062500
1992062900
1992070200
1992070600
1992070900
1992072300
1992072700
1992073000
1992080300
1992080600
1992081000
1992082400
1992082700
1992083100
1992090300
1992090700
1992091000
1992092400
1992092800
1992100100
1992100500
1992100800
1992102200
1992102600
1992102900
1992110200
1992110500
1992110900
1992112300
1992112600
1992113000
1992120300
1992120700
1992121000
1992122400
1992122800
1992123100
1993010400
1993010700
1993012500
1993012800
1993020100
1993020400
1993020800
1993022200
1993022500
1993030100
1993030400
1993030800
1993032200
1993032500
1993032900
1993040100
1993040500
1993040800
1993042200
1993042600
1993042900
1993050300
1993050600
1993051000
1993052400
1993052700
1993053100
1993060300
1993060700
1993061000
1993062400
1993062800
1993070100
1993070500
1993070800
1993072200
1993072600
1993072900
1993080200
1993080500
1993080900
1993082300
1993082600
1993083000
1993090200
1993090600
1993090900
1993092300
1993092700
1993093000
1993100400
1993100700
1993102500
1993102800
1993110100
1993110400
1993110800
1993112200
1993112500
1993112900
1993120200
1993120600
1993120900
1993122300
1993122700
1993123000
1994010300
1994010600
1994011000
1994012400
1994012700
1994013100
1994020300
1994020700
1994021000
1994022400
1994022800
1994030300
1994030700
1994031000
1994032400
1994032800
1994033100
1994040400
1994040700
1994042500
1994042800
1994050200
1994050500
1994050900
1994052300
1994052600
1994053000
1994060200
1994060600
1994060900
1994062300
1994062700
1994063000
1994070400
1994070700
1994072500
1994072800
1994080100
1994080400
1994080800
1994082200
1994082500
1994082900
1994090100
1994090500
1994090800
1994092200
1994092600
1994092900
1994100300
1994100600
1994101000
1994102400
1994102700
1994103100
1994110300
1994110700
1994111000
1994112400
1994112800
1994120100
1994120500
1994120800
1994122200
1994122600
1994122900
1995010200
1995010500
1995010900
1995012300
1995012600
1995013000
1995020200
1995020600
1995020900
1995022300
1995022700
1995030200
1995030600
1995030900
1995032300
1995032700
1995033000
1995040300
1995040600
1995041000
1995042400
1995042700
1995050100
1995050400
1995050800
1995052200
1995052500
1995052900
1995060100
1995060500
1995060800
1995062200
1995062600
1995062900
1995070300
1995070600
1995071000
1995072400
1995072700
1995073100
1995080300
1995080700
1995081000
1995082400
1995082800
1995083100
1995090400
1995090700
1995092500
1995092800
1995100200
1995100500
1995100900
1995102300
1995102600
1995103000
1995110200
1995110600
1995110900
1995112300
1995112700
1995113000
1995120400
1995120700
1995122500
1995122800
1996010100
1996010400
1996010800
1996012200
1996012500
1996012900
1996020100
1996020500
1996020800
1996022200
1996022600
1996022900
1996030400
1996030700
1996032500
1996032800
1996040100
1996040400
1996040800
1996042200
1996042500
1996042900
1996050200
1996050600
1996050900
1996052300
1996052700
1996053000
1996060300
1996060600
1996061000
1996062400
1996062700
1996070100
1996070400
1996070800
1996072200
1996072500
1996072900
1996080100
1996080500
1996080800
1996082200
1996082600
1996082900
1996090200
1996090500
1996090900
1996092300
1996092600
1996093000
1996100300
1996100700
1996101000
1996102400
1996102800
1996103100
1996110400
1996110700
1996112500
1996112800
1996120200
1996120500
1996120900
1996122300
1996122600
1996123000
1997010200
1997010600
1997010900
1997012300
1997012700
1997013000
1997020300
1997020600
1997021000
1997022400
1997022700
1997030300
1997030600
1997031000
1997032400
1997032700
1997033100
1997040300
1997040700
1997041000
1997042400
1997042800
1997050100
1997050500
1997050800
1997052200
1997052600
1997052900
1997060200
1997060500
1997060900
1997062300
1997062600
1997063000
1997070300
1997070700
1997071000
1997072400
1997072800
1997073100
1997080400
1997080700
1997082500
1997082800
1997090100
1997090400
1997090800
1997092200
1997092500
1997092900
1997100200
1997100600
1997100900
1997102300
1997102700
1997103000
1997110300
1997110600
1997111000
1997112400
1997112700
1997120100
1997120400
1997120800
1997122200
1997122500
1997122900
1998010100
1998010500
1998010800
1998012200
1998012600
1998012900
1998020200
1998020500
1998020900
1998022300
1998022600
1998030200
1998030500
1998030900
1998032300
1998032600
1998033000
1998040200
1998040600
1998040900
1998042300
1998042700
1998043000
1998050400
1998050700
1998052500
1998052800
1998060100
1998060400
1998060800
1998062200
1998062500
1998062900
1998070200
1998070600
1998070900
1998072300
1998072700
1998073000
1998080300
1998080600
1998081000
1998082400
1998082700
1998083100
1998090300
1998090700
1998091000
1998092400
1998092800
1998100100
1998100500
1998100800
1998102200
1998102600
1998102900
1998110200
1998110500
1998110900
1998112300
1998112600
1998113000
1998120300
1998120700
1998121000
1998122400
1998122800
1998123100
1999010400
1999010700
1999012500
1999012800
1999020100
1999020400
1999020800
1999022200
1999022500
1999030100
1999030400
1999030800
1999032200
1999032500
1999032900
1999040100
1999040500
1999040800
1999042200
1999042600
1999042900
1999050300
1999050600
1999051000
1999052400
1999052700
1999053100
1999060300
1999060700
1999061000
1999062400
1999062800
1999070100
1999070500
1999070800
1999072200
1999072600
1999072900
1999080200
1999080500
1999080900
1999082300
1999082600
1999083000
1999090200
1999090600
1999090900
1999092300
1999092700
1999093000
1999100400
1999100700
1999102500
1999102800
1999110100
1999110400
1999110800
1999112200
1999112500
1999112900
1999120200
1999120600
1999120900
1999122300
1999122700
1999123000
2000010300
2000010600
2000011000
2000012400
2000012700
2000013100
2000020300
2000020700
2000021000
2000022400
2000022800
2000030200
2000030600
2000030900
2000032300
2000032700
2000033000
2000040300
2000040600
2000041000
2000042400
2000042700
2000050100
2000050400
2000050800
2000052200
2000052500
2000052900
2000060100
2000060500
2000060800
2000062200
2000062600
2000062900
2000070300
2000070600
2000071000
2000072400
2000072700
2000073100
2000080300
2000080700
2000081000
2000082400
2000082800
2000083100
2000090400
2000090700
2000092500
2000092800
2000100200
2000100500
2000100900
2000102300
2000102600
2000103000
2000110200
2000110600
2000110900
2000112300
2000112700
2000113000
2000120400
2000120700
2000122500
2000122800
2001010100
2001010400
2001010800
2001012200
2001012500
2001012900
2001020100
2001020500
2001020800
2001022200
2001022600
2001030100
2001030500
2001030800
2001032200
2001032600
2001032900
2001040200
2001040500
2001040900
2001042300
2001042600
2001043000
2001050300
2001050700
2001051000
2001052400
2001052800
2001053100
2001060400
2001060700
2001062500
2001062800
2001070200
2001070500
2001070900
2001072300
2001072600
2001073000
2001080200
2001080600
2001080900
2001082300
2001082700
2001083000
2001090300
2001090600
2001091000
2001092400
2001092700
2001100100
2001100400
2001100800
2001102200
2001102500
2001102900
2001110100
2001110500
2001110800
2001112200
2001112600
2001112900
2001120300
2001120600
2001121000
2001122400
2001122700
2001123100
2002010300
2002010700
2002011000
2002012400
2002012800
2002013100
2002020400
2002020700
2002022500
2002022800
2002030400
2002030700
2002032500
2002032800
2002040100
2002040400
2002040800
2002042200
2002042500
2002042900
2002050200
2002050600
2002050900
2002052300
2002052700
2002053000
2002060300
2002060600
2002061000
2002062400
2002062700
2002070100
2002070400
2002070800
2002072200
2002072500
2002072900
2002080100
2002080500
2002080800
2002082200
2002082600
2002082900
2002090200
2002090500
2002090900
2002092300
2002092600
2002093000
2002100300
2002100700
2002101000
2002102400
2002102800
2002103100
2002110400
2002110700
2002112500
2002112800
2002120200
2002120500
2002120900
2002122300
2002122600
2002123000
2003010200
2003010600
2003010900
2003012300
2003012700
2003013000
2003020300
2003020600
2003021000
2003022400
2003022700
2003030300
2003030600
2003031000
2003032400
2003032700
2003033100
2003040300
2003040700
2003041000
2003042400
2003042800
2003050100
2003050500
2003050800
2003052200
2003052600
2003052900
2003060200
2003060500
2003060900
2003062300
2003062600
2003063000
2003070300
2003070700
2003071000
2003072400
2003072800
2003073100
2003080400
2003080700
2003082500
2003082800
2003090100
2003090400
2003090800
2003092200
2003092500
2003092900
2003100200
2003100600
2003100900
2003102300
2003102700
2003103000
2003110300
2003110600
2003111000
2003112400
2003112700
2003120100
2003120400
2003120800
2003122200
2003122500
2003122900
2004010100
2004010500
2004010800
2004012200
2004012600
2004012900
2004020200
2004020500
2004020900
2004022300
2004022600
2004030100
2004030400
2004030800
2004032200
2004032500
2004032900
2004040100
2004040500
2004040800
2004042200
2004042600
2004042900
2004050300
2004050600
2004051000
2004052400
2004052700
2004053100
2004060300
2004060700
2004061000
2004062400
2004062800
2004070100
2004070500
2004070800
2004072200
2004072600
2004072900
2004080200
2004080500
2004080900
2004082300
2004082600
2004083000
2004090200
2004090600
2004090900
2004092300
2004092700
2004093000
2004100400
2004100700
2004102500
2004102800
2004110100
2004110400
2004110800
2004112200
2004112500
2004112900
2004120200
2004120600
2004120900
2004122300
2004122700
2004123000
2005010300
2005010600
2005011000
2005012400
2005012700
2005013100
2005020300
2005020700
2005021000
2005022400
2005022800
2005030300
2005030700
2005031000
2005032400
2005032800
2005033100
2005040400
2005040700
2005042500
2005042800
2005050200
2005050500
2005050900
2005052300
2005052600
2005053000
2005060200
2005060600
2005060900
2005062300
2005062700
2005063000
2005070400
2005070700
2005072500
2005072800
2005080100
2005080400
2005080800
2005082200
2005082500
2005082900
2005090100
2005090500
2005090800
2005092200
2005092600
2005092900
2005100300
2005100600
2005101000
2005102400
2005102700
2005103100
2005110300
2005110700
2005111000
2005112400
2005112800
2005120100
2005120500
2005120800
2005122200
2005122600
2005122900
2006010200
2006010500
2006010900
2006012300
2006012600
2006013000
2006020200
2006020600
2006020900
2006022300
2006022700
2006030200
2006030600
2006030900
2006032300
2006032700
2006033000
2006040300
2006040600
2006041000
2006042400
2006042700
2006050100
2006050400
2006050800
2006052200
2006052500
2006052900
2006060100
2006060500
2006060800
2006062200
2006062600
2006062900
2006070300
2006070600
2006071000
2006072400
2006072700
2006073100
2006080300
2006080700
2006081000
2006082400
2006082800
2006083100
2006090400
2006090700
2006092500
2006092800
2006100200
2006100500
2006100900
2006102300
2006102600
2006103000
2006110200
2006110600
2006110900
2006112300
2006112700
2006113000
2006120400
2006120700
2006122500
2006122800
2007010100
2007010400
2007010800
2007012200
2007012500
2007012900
2007020100
2007020500
2007020800
2007022200
2007022600
2007030100
2007030500
2007030800
2007032200
2007032600
2007032900
2007040200
2007040500
2007040900
2007042300
2007042600
2007043000
2007050300
2007050700
2007051000
2007052400
2007052800
2007053100
2007060400
2007060700
2007062500
2007062800
2007070200
2007070500
2007070900
2007072300
2007072600
2007073000
2007080200
2007080600
2007080900
2007082300
2007082700
2007083000
2007090300
2007090600
2007091000
2007092400
2007092700
2007100100
2007100400
2007100800
2007102200
2007102500
2007102900
2007110100
2007110500
2007110800
2007112200
2007112600
2007112900
2007120300
2007120600
2007121000
2007122400
2007122700
2007123100
2008010300
2008010700
2008011000
2008012400
2008012800
2008013100
2008020400
2008020700
2008022500
2008022800
2008030300
2008030600
2008031000
2008032400
2008032700
2008033100
2008040300
2008040700
2008041000
2008042400
2008042800
2008050100
2008050500
2008050800
2008052200
2008052600
2008052900
2008060200
2008060500
2008060900
2008062300
2008062600
2008063000
2008070300
2008070700
2008071000
2008072400
2008072800
2008073100
2008080400
2008080700
2008082500
2008082800
2008090100
2008090400
2008090800
2008092200
2008092500
2008092900
2008100200
2008100600
2008100900
2008102300
2008102700
2008103000
2008110300
2008110600
2008111000
2008112400
2008112700
2008120100
2008120400
2008120800
2008122200
2008122500
2008122900
2009010100
2009010500
2009010800
2009012200
2009012600
2009012900
2009020200
2009020500
2009020900
2009022300
2009022600
2009030200
2009030500
2009030900
2009032300
2009032600
2009033000
2009040200
2009040600
2009040900
2009042300
2009042700
2009043000
2009050400
2009050700
2009052500
2009052800
2009060100
2009060400
2009060800
2009062200
2009062500
2009062900
2009070200
2009070600
2009070900
2009072300
2009072700
2009073000
2009080300
2009080600
2009081000
2009082400
2009082700
2009083100
2009090300
2009090700
2009091000
2009092400
2009092800
2009100100
2009100500
2009100800
2009102200
2009102600
2009102900
2009110200
2009110500
2009110900
2009112300
2009112600
2009113000
2009120300
2009120700
2009121000
2009122400
2009122800
2009123100
2010010400
2010010700
2010012500
2010012800
2010020100
2010020400
2010020800
2010022200
2010022500
2010030100
2010030400
2010030800
2010032200
2010032500
2010032900
2010040100
2010040500
2010040800
2010042200
2010042600
2010042900
2010050300
2010050600
2010051000
2010052400
2010052700
2010053100
2010060300
2010060700
2010061000
2010062400
2010062800
2010070100
2010070500
2010070800
2010072200
2010072600
2010072900
2010080200
2010080500
2010080900
2010082300
2010082600
2010083000
2010090200
2010090600
2010090900
2010092300
2010092700
2010093000
2010100400
2010100700
2010102500
2010102800
2010110100
2010110400
2010110800
2010112200
2010112500
2010112900
2010120200
2010120600
2010120900
2010122300
2010122700
2010123000
2011010300
2011010600
2011011000
2011012400
2011012700
2011013100
2011020300
2011020700
2011021000
2011022400
2011022800
2011030300
2011030700
2011031000
2011032400
2011032800
2011033100
2011040400
2011040700
2011042500
2011042800
2011050200
2011050500
2011050900
2011052300
2011052600
2011053000
2011060200
2011060600
2011060900
2011062300
2011062700
2011063000
2011070400
2011070700
2011072500
2011072800
2011080100
2011080400
2011080800
2011082200
2011082500
2011082900
2011090100
2011090500
2011090800
2011092200
2011092600
2011092900
2011100300
2011100600
2011101000
2011102400
2011102700
2011103100
2011110300
2011110700
2011111000
2011112400
2011112800
2011120100
2011120500
2011120800
2011122200
2011122600
2011122900
2012010200
2012010500
2012010900
2012012300
2012012600
2012013000
2012020200
2012020600
2012020900
2012022300
2012022700
2012030100
2012030500
2012030800
2012032200
2012032600
2012032900
2012040200
2012040500
2012040900
2012042300
2012042600
2012043000
2012050300
2012050700
2012051000
2012052400
2012052800
2012053100
2012060400
2012060700
2012062500
2012062800
2012070200
2012070500
2012070900
2012072300
2012072600
2012073000
2012080200
2012080600
2012080900
2012082300
2012082700
2012083000
2012090300
2012090600
2012091000
2012092400
2012092700
2012100100
2012100400
2012100800
2012102200
2012102500
2012102900
2012110100
2012110500
2012110800
2012112200
2012112600
2012112900
2012120300
2012120600
2012121000
2012122400
2012122700
2012123100
2013010300
2013010700
2013011000
2013012400
2013012800
2013013100
2013020400
2013020700
2013022500
2013022800
2013030400
2013030700
2013032500
2013032800
2013040100
2013040400
2013040800
2013042200
2013042500
2013042900
2013050200
2013050600
2013050900
2013052300
2013052700
2013053000
2013060300
2013060600
2013061000
2013062400
2013062700
2013070100
2013070400
2013070800
2013072200
2013072500
2013072900
2013080100
2013080500
2013080800
2013082200
2013082600
2013082900
2013090200
2013090500
2013090900
2013092300
2013092600
2013093000
2013100300
2013100700
2013101000
2013102400
2013102800
2013103100
2013110400
2013110700
2013112500
2013112800
2013120200
2013120500
2013120900
2013122300
2013122600
2013123000
2014010200
2014010600
2014010900
2014012300
2014012700
2014013000
2014020300
2014020600
2014021000
2014022400
2014022700
2014030300
2014030600
2014031000
2014032400
2014032700
2014033100
2014040300
2014040700
2014041000
2014042400
2014042800
2014050100
2014050500
2014050800
2014052200
2014052600
2014052900
2014060200
2014060500
2014060900
2014062300
2014062600
2014063000
2014070300
2014070700
2014071000
2014072400
2014072800
2014073100
2014080400
2014080700
2014082500
2014082800
2014090100
2014090400
2014090800
2014092200
2014092500
2014092900
2014100200
2014100600
2014100900
2014102300
2014102700
2014103000
2014110300
2014110600
2014111000
2014112400
2014112700
2014120100
2014120400
2014120800
2014122200
2014122500
2014122900
2015010100
2015010500
2015010800
2015012200
2015012600
2015012900
2015020200
2015020500
2015020900
2015022300
2015022600
2015030200
2015030500
2015030900
2015032300
2015032600
2015033000
2015040200
2015040600
2015040900
2015042300
2015042700
2015043000
2015050400
2015050700
2015052500
2015052800
2015060100
2015060400
2015060800
2015062200
2015062500
2015062900
2015070200
2015070600
2015070900
2015072300
2015072700
2015073000
2015080300
2015080600
2015081000
2015082400
2015082700
2015083100
2015090300
2015090700
2015091000
2015092400
2015092800
2015100100
2015100500
2015100800
2015102200
2015102600
2015102900
2015110200
2015110500
2015110900
2015112300
2015112600
2015113000
2015120300
2015120700
2015121000
2015122400
2015122800
2015123100
2016010400
2016010700
2016012500
2016012800
2016020100
2016020400
2016020800
2016022200
2016022500
2016022900
2016030300
2016030700
2016031000
2016032400
2016032800
2016033100
2016040400
2016040700
2016042500
2016042800
2016050200
2016050500
2016050900
2016052300
2016052600
2016053000
2016060200
2016060600
2016060900
2016062300
2016062700
2016063000
2016070400
2016070700
2016072500
2016072800
2016080100
2016080400
2016080800
2016082200
2016082500
2016082900
2016090100
2016090500
2016090800
2016092200
2016092600
2016092900
2016100300
2016100600
2016101000
2016102400
2016102700
2016103100
2016110300
2016110700
2016111000
2016112400
2016112800
2016120100
2016120500
2016120800
2016122200
2016122600
2016122900
2017010200
2017010500
2017010900
2017012300
2017012600
2017013000
2017020200
2017020600
2017020900
2017022300
2017022700
2017030200
2017030600
2017030900
2017032300
2017032700
2017033000
2017040300
2017040600
2017041000
2017042400
2017042700
2017050100
2017050400
2017050800
2017052200
2017052500
2017052900
2017060100
2017060500
2017060800
2017062200
2017062600
2017062900
2017070300
2017070600
2017071000
2017072400
2017072700
2017073100
2017080300
2017080700
2017081000
2017082400
2017082800
2017083100
2017090400
2017090700
2017092500
2017092800
2017100200
2017100500
2017100900
2017102300
2017102600
2017103000
2017110200
2017110600
2017110900
2017112300
2017112700
2017113000
2017120400
2017120700
2017122500
2017122800
2018010100
2018010400
2018010800
2018012200
2018012500
2018012900
2018020100
2018020500
2018020800
2018022200
2018022600
2018030100
2018030500
2018030800
2018032200
2018032600
2018032900
2018040200
2018040500
2018040900
2018042300
2018042600
2018043000
2018050300
2018050700
2018051000
2018052400
2018052800
2018053100
2018060400
2018060700
2018062500
2018062800
2018070200
2018070500
2018070900
2018072300
2018072600
2018073000
2018080200
2018080600
2018080900
2018082300
2018082700
2018083000
2018090300
2018090600
2018091000
2018092400
2018092700
2018100100
2018100400
2018100800
2018102200
2018102500
2018102900
2018110100
2018110500
2018110800
2018112200
2018112600
2018112900
2018120300
2018120600
2018121000
2018122400
2018122700
2018123100
2019010300
2019010700
2019011000
2019012400
2019012800
2019013100
2019020400
2019020700
2019022500
2019022800
2019030400
2019030700
2019032500
2019032800
2019040100
2019040400
2019040800
2019042200
2019042500
2019042900
2019050200
2019050600
2019050900
2019052300
2019052700
2019053000
2019060300
2019060600
2019061000
2019062400
2019062700
2019070100
2019070400
2019070800
2019072200
2019072500
2019072900
2019080100
2019080500
2019080800
2019082200
2019082600
2019082900
2019090200
2019090500
2019090900
2019092300
2019092600
2019093000
2019100300
2019100700
2019101000
2019102400
2019102800
2019103100
2019110400
2019110700
2019112500
2019112800
2019120200
2019120500
2019120900
2019122300
2019122600
2019123000
2020010200
2020010600
2020010900
2020012300
2020012700
2020013000
2020020300
2020020600
2020021000
2020022400
2020022700
2020030200
2020030500
2020030900
2020032300
2020032600
2020033000
2020040200
2020040600
2020040900
2020042300
2020042700
2020043000
2020050400
2020050700
2020052500
2020052800
2020060100
2020060400
2020060800
2020062200
2020062500
2020062900
2020070200
2020070600
2020070900
2020072300
2020072700
2020073000
2020080300
2020080600
2020081000
2020082400
2020082700
2020083100
2020090300
2020090700
2020091000
2020092400
2020092800
2020100100
2020100500
2020100800
2020102200
2020102600
2020102900
2020110200
2020110500
2020110900
2020112300
2020112600
2020113000
2020120300
2020120700
2020121000
2020122400
2020122800
2020123100
2021010400
2021010700
2021012500
2021012800
2021020100
2021020400
2021020800
2021022200
2021022500
2021030100
2021030400
2021030800
2021032200
2021032500
2021032900
2021040100
2021040500
2021040800
2021042200
2021042600
2021042900
2021050300
2021050600
2021051000
2021052400
2021052700
2021053100
2021060300
2021060700
2021061000
2021062400
2021062800
2021070100
2021070500
2021070800
2021072200
2021072600
2021072900
2021080200
2021080500
2021080900
2021082300
2021082600
2021083000
2021090200
2021090600
2021090900
2021092300
2021092700
2021093000
2021100400
2021100700
2021102500
2021102800
2021110100
2021110400
2021110800
2021112200
2021112500
2021112900
2021120200
2021120600
2021120900
2021122300
2021122700
2021123000
2022010300
2022010600
2022011000
2022012400
2022012700
2022013100
2022020300
2022020700
2022021000
2022022400
2022022800
2022030300
2022030700
2022031000
2022032400
2022032800
2022033100
2022040400
2022040700
2022042500
2022042800
2022050200
2022050500
2022050900
2022052300
2022052600
2022053000
2022060200
2022060600
2022060900
2022062300
2022062700
2022063000
2022070400
2022070700
2022072500
2022072800
2022080100
2022080400
2022080800
2022082200
2022082500
2022082900
2022090100
2022090500
2022090800
2022092200
2022092600
2022092900
2022100300
2022100600
2022101000
2022102400
2022102700
2022103100
2022110300
2022110700
2022111000
2022112400
2022112800
2022120100
2022120500
2022120800
2022122200
2022122600
2022122900
2023010200
2023010500
2023010900
2023012300
2023012600
2023013000
2023020200
2023020600
2023020900
2023022300
2023022700
2023030200
2023030600
2023030900
2023032300
2023032700
2023033000
2023040300
2023040600
2023041000
2023042400
2023042700
2023050100
2023050400
2023050800
2023052200
2023052500
2023052900
2023060100
2023060500
2023060800
2023062200
2023062600
2023062900
2023070300
2023070600
2023071000
2023072400
2023072700
2023073100
2023080300
2023080700
2023081000
2023082400
2023082800
2023083100
2023090400
2023090700
2023092500
2023092800
2023100200
2023100500
2023100900
2023102300
2023102600
2023103000
2023110200
2023110600
2023110900
2023112300
2023112700
2023113000
2023120400
2023120700
2023122500
2023122800
2024010100
2024010400
2024010800
2024012200
2024012500
2024012900
2024020100
2024020500
2024020800
2024022200
2024022600
2024022900
2024030400
2024030700
2024032500
2024032800
2024040100
2024040400
2024040800
2024042200
2024042500
2024042900
2024050200
2024050600
2024050900
2024052300
2024052700
2024053000
2024060300
2024060600
2024061000
2024062400
2024062700
2024070100
2024070400
2024070800
2024072200
2024072500
2024072900
2024080100
2024080500
2024080800
2024082200
2024082600
2024082900
2024090200
2024090500
2024090900
2024092300
2024092600
2024093000
2024100300
2024100700
2024101000
2024102400
2024102800
2024103100
2024110400
2024110700
2024112500
2024112800
2024120200
2024120500
2024120900
2024122300
2024122600
2024123000
2025010200
2025010600
2025010900
2025012300
2025012700
2025013000
2025020300
2025020600
2025021000
2025022400
2025022700
2025030300
2025030600
2025031000
2025032400
2025032700
2025033100
2025040300
2025040700
2025041000
2025042400
2025042800
2025050100
2025050500
2025050800
2025052200
2025052600
2025052900
2025060200
2025060500
2025060900
2025062300
2025062600
2025063000
2025070300
2025070700
2025071000
2025072400
2025072800
2025073100
2025080400
2025080700
2025082500
2025082800
2025090100
2025090400
2025090800
2025092200
2025092500
2025092900
2025100200
2025100600
2025100900
2025102300
2025102700
2025103000
2025110300
2025110600
2025111000
2025112400
2025112700
2025120100
2025120400
2025120800
2025122200
2025122500
2025122900
2026010100
2026010500
2026010800
2026012200
2026012600
2026012900
2026020200
2026020500
2026020900
2026022300
2026022600
2026030200
2026030500
2026030900
2026032300
2026032600
2026033000
2026040200
2026040600
2026040900
2026042300
2026042700
2026043000
2026050400
2026050700
2026052500
2026052800
2026060100
2026060400
2026060800
2026062200
2026062500
2026062900
2026070200
2026070600
2026070900
2026072300
2026072700
2026073000
2026080300
2026080600
2026081000
2026082400
2026082700
2026083100
2026090300
2026090700
2026091000
2026092400
2026092800
2026100100
2026100500
2026100800
2026102200
2026102600
2026102900
2026110200
2026110500
2026110900
2026112300
2026112600
2026113000
2026120300
2026120700
2026121000
2026122400
2026122800
2026123100
