1990011100
1990011500
1990011800
1990021200
1990021500
1990021900
1990031200
1990031500
1990031900
1990041200
1990041600
1990041900
1990051400
1990051700
1990052100
1990061100
1990061400
1990061800
1990062100
1990071200
1990071600
1990071900
1990081300
1990081600
1990082000
1990091300
1990091700
1990092000
1990101100
1990101500
1990101800
1990111200
1990111500
1990111900
1990121300
1990121700
1990122000
1991011400
1991011700
1991012100
1991021100
1991021400
1991021800
1991022100
1991031100
1991031400
1991031800
1991032100
1991041100
1991041500
1991041800
1991051300
1991051600
1991052000
1991061300
1991061700
1991062000
1991071100
1991071500
1991071800
1991081200
1991081500
1991081900
1991091200
1991091600
1991091900
1991101400
1991101700
1991102100
1991111100
1991111400
1991111800
1991112100
1991121200
1991121600
1991121900
1992011300
1992011600
1992012000
1992021300
1992021700
1992022000
1992031200
1992031600
1992031900
1992041300
1992041600
1992042000
1992051100
1992051400
1992051800
1992052100
1992061100
1992061500
1992061800
1992071300
1992071600
1992072000
1992081300
1992081700
1992082000
1992091400
1992091700
1992092100
1992101200
1992101500
1992101900
1992111200
1992111600
1992111900
1992121400
1992121700
1992122100
1993011100
1993011400
1993011800
1993012100
1993021100
1993021500
1993021800
1993031100
1993031500
1993031800
1993041200
1993041500
1993041900
1993051300
1993051700
1993052000
1993061400
1993061700
1993062100
1993071200
1993071500
1993071900
1993081200
1993081600
1993081900
1993091300
1993091600
1993092000
1993101100
1993101400
1993101800
1993102100
1993111100
1993111500
1993111800
1993121300
1993121600
1993122000
1994011300
1994011700
1994012000
1994021400
1994021700
1994022100
1994031400
1994031700
1994032100
1994041100
1994041400
1994041800
1994042100
1994051200
1994051600
1994051900
1994061300
1994061600
1994062000
1994071100
1994071400
1994071800
1994072100
1994081100
1994081500
1994081800
1994091200
1994091500
1994091900
1994101300
1994101700
1994102000
1994111400
1994111700
1994112100
1994121200
1994121500
1994121900
1995011200
1995011600
1995011900
1995021300
1995021600
1995022000
1995031300
1995031600
1995032000
1995041300
1995041700
1995042000
1995051100
1995051500
1995051800
1995061200
1995061500
1995061900
1995071300
1995071700
1995072000
1995081400
1995081700
1995082100
1995091100
1995091400
1995091800
1995092100
1995101200
1995101600
1995101900
1995111300
1995111600
1995112000
1995121100
1995121400
1995121800
1995122100
1996011100
1996011500
1996011800
1996021200
1996021500
1996021900
1996031100
1996031400
1996031800
1996032100
1996041100
1996041500
1996041800
1996051300
1996051600
1996052000
1996061300
1996061700
1996062000
1996071100
1996071500
1996071800
1996081200
1996081500
1996081900
1996091200
1996091600
1996091900
1996101400
1996101700
1996102100
1996111100
1996111400
1996111800
1996112100
1996121200
1996121600
1996121900
1997011300
1997011600
1997012000
1997021300
1997021700
1997022000
1997031300
1997031700
1997032000
1997041400
1997041700
1997042100
1997051200
1997051500
1997051900
1997061200
1997061600
1997061900
1997071400
1997071700
1997072100
1997081100
1997081400
1997081800
1997082100
1997091100
1997091500
1997091800
1997101300
1997101600
1997102000
1997111300
1997111700
1997112000
1997121100
1997121500
1997121800
1998011200
1998011500
1998011900
1998021200
1998021600
1998021900
1998031200
1998031600
1998031900
1998041300
1998041600
1998042000
1998051100
1998051400
1998051800
1998052100
1998061100
1998061500
1998061800
1998071300
1998071600
1998072000
1998081300
1998081700
1998082000
1998091400
1998091700
1998092100
1998101200
1998101500
1998101900
1998111200
1998111600
1998111900
1998121400
1998121700
1998122100
1999011100
1999011400
1999011800
1999012100
1999021100
1999021500
1999021800
1999031100
1999031500
1999031800
1999041200
1999041500
1999041900
1999051300
1999051700
1999052000
1999061400
1999061700
1999062100
1999071200
1999071500
1999071900
1999081200
1999081600
1999081900
1999091300
1999091600
1999092000
1999101100
1999101400
1999101800
1999102100
1999111100
1999111500
1999111800
1999121300
1999121600
1999122000
2000011300
2000011700
2000012000
2000021400
2000021700
2000022100
2000031300
2000031600
2000032000
2000041300
2000041700
2000042000
2000051100
2000051500
2000051800
2000061200
2000061500
2000061900
2000071300
2000071700
2000072000
2000081400
2000081700
2000082100
2000091100
2000091400
2000091800
2000092100
2000101200
2000101600
2000101900
2000111300
2000111600
2000112000
2000121100
2000121400
2000121800
2000122100
2001011100
2001011500
2001011800
2001021200
2001021500
2001021900
2001031200
2001031500
2001031900
2001041200
2001041600
2001041900
2001051400
2001051700
2001052100
2001061100
2001061400
2001061800
2001062100
2001071200
2001071600
2001071900
2001081300
2001081600
2001082000
2001091300
2001091700
2001092000
2001101100
2001101500
2001101800
2001111200
2001111500
2001111900
2001121300
2001121700
2001122000
2002011400
2002011700
2002012100
2002021100
2002021400
2002021800
2002022100
2002031100
2002031400
2002031800
2002032100
2002041100
2002041500
2002041800
2002051300
2002051600
2002052000
2002061300
2002061700
2002062000
2002071100
2002071500
2002071800
2002081200
2002081500
2002081900
2002091200
2002091600
2002091900
2002101400
2002101700
2002102100
2002111100
2002111400
2002111800
2002112100
2002121200
2002121600
2002121900
2003011300
2003011600
2003012000
2003021300
2003021700
2003022000
2003031300
2003031700
2003032000
2003041400
2003041700
2003042100
2003051200
2003051500
2003051900
2003061200
2003061600
2003061900
2003071400
2003071700
2003072100
2003081100
2003081400
2003081800
2003082100
2003091100
2003091500
2003091800
2003101300
2003101600
2003102000
2003111300
2003111700
2003112000
2003121100
2003121500
2003121800
2004011200
2004011500
2004011900
2004021200
2004021600
2004021900
2004031100
2004031500
2004031800
2004041200
2004041500
2004041900
2004051300
2004051700
2004052000
2004061400
2004061700
2004062100
2004071200
2004071500
2004071900
2004081200
2004081600
2004081900
2004091300
2004091600
2004092000
2004101100
2004101400
2004101800
2004102100
2004111100
2004111500
2004111800
2004121300
2004121600
2004122000
2005011300
2005011700
2005012000
2005021400
2005021700
2005022100
2005031400
2005031700
2005032100
2005041100
2005041400
2005041800
2005042100
2005051200
2005051600
2005051900
2005061300
2005061600
2005062000
2005071100
2005071400
2005071800
2005072100
2005081100
2005081500
2005081800
2005091200
2005091500
2005091900
2005101300
2005101700
2005102000
2005111400
2005111700
2005112100
2005121200
2005121500
2005121900
2006011200
2006011600
2006011900
2006021300
2006021600
2006022000
2006031300
2006031600
2006032000
2006041300
2006041700
2006042000
2006051100
2006051500
2006051800
2006061200
2006061500
2006061900
2006071300
2006071700
2006072000
2006081400
2006081700
2006082100
2006091100
2006091400
2006091800
2006092100
2006101200
2006101600
2006101900
2006111300
2006111600
2006112000
2006121100
2006121400
2006121800
2006122100
2007011100
2007011500
2007011800
2007021200
2007021500
2007021900
2007031200
2007031500
2007031900
2007041200
2007041600
2007041900
2007051400
2007051700
2007052100
2007061100
2007061400
2007061800
2007062100
2007071200
2007071600
2007071900
2007081300
2007081600
2007082000
2007091300
2007091700
2007092000
2007101100
2007101500
2007101800
2007111200
2007111500
2007111900
2007121300
2007121700
2007122000
2008011400
2008011700
2008012100
2008021100
2008021400
2008021800
2008022100
2008031300
2008031700
2008032000
2008041400
2008041700
2008042100
2008051200
2008051500
2008051900
2008061200
2008061600
2008061900
2008071400
2008071700
2008072100
2008081100
2008081400
2008081800
2008082100
2008091100
2008091500
2008091800
2008101300
2008101600
2008102000
2008111300
2008111700
2008112000
2008121100
2008121500
2008121800
2009011200
2009011500
2009011900
2009021200
2009021600
2009021900
2009031200
2009031600
2009031900
2009041300
2009041600
2009042000
2009051100
2009051400
2009051800
2009052100
2009061100
2009061500
2009061800
2009071300
2009071600
2009072000
2009081300
2009081700
2009082000
2009091400
2009091700
2009092100
2009101200
2009101500
2009101900
2009111200
2009111600
2009111900
2009121400
2009121700
2009122100
2010011100
2010011400
2010011800
2010012100
2010021100
2010021500
2010021800
2010031100
2010031500
2010031800
2010041200
2010041500
2010041900
2010051300
2010051700
2010052000
2010061400
2010061700
2010062100
2010071200
2010071500
2010071900
2010081200
2010081600
2010081900
2010091300
2010091600
2010092000
2010101100
2010101400
2010101800
2010102100
2010111100
2010111500
2010111800
2010121300
2010121600
2010122000
2011011300
2011011700
2011012000
2011021400
2011021700
2011022100
2011031400
2011031700
2011032100
2011041100
2011041400
2011041800
2011042100
2011051200
2011051600
2011051900
2011061300
2011061600
2011062000
2011071100
2011071400
2011071800
2011072100
2011081100
2011081500
2011081800
2011091200
2011091500
2011091900
2011101300
2011101700
2011102000
2011111400
2011111700
2011112100
2011121200
2011121500
2011121900
2012011200
2012011600
2012011900
2012021300
2012021600
2012022000
2012031200
2012031500
2012031900
2012041200
2012041600
2012041900
2012051400
2012051700
2012052100
2012061100
2012061400
2012061800
2012062100
2012071200
2012071600
2012071900
2012081300
2012081600
2012082000
2012091300
2012091700
2012092000
2012101100
2012101500
2012101800
2012111200
2012111500
2012111900
2012121300
2012121700
2012122000
2013011400
2013011700
2013012100
2013021100
2013021400
2013021800
2013022100
2013031100
2013031400
2013031800
2013032100
2013041100
2013041500
2013041800
2013051300
2013051600
2013052000
2013061300
2013061700
2013062000
2013071100
2013071500
2013071800
2013081200
2013081500
2013081900
2013091200
2013091600
2013091900
2013101400
2013101700
2013102100
2013111100
2013111400
2013111800
2013112100
2013121200
2013121600
2013121900
2014011300
2014011600
2014012000
2014021300
2014021700
2014022000
2014031300
2014031700
2014032000
2014041400
2014041700
2014042100
2014051200
2014051500
2014051900
2014061200
2014061600
2014061900
2014071400
2014071700
2014072100
2014081100
2014081400
2014081800
2014082100
2014091100
2014091500
2014091800
2014101300
2014101600
2014102000
2014111300
2014111700
2014112000
2014121100
2014121500
2014121800
2015011200
2015011500
2015011900
2015021200
2015021600
2015021900
2015031200
2015031600
2015031900
2015041300
2015041600
2015042000
2015051100
2015051400
2015051800
2015052100
2015061100
2015061500
2015061800
2015071300
2015071600
2015072000
2015081300
2015081700
2015082000
2015091400
2015091700
2015092100
2015101200
2015101500
2015101900
2015111200
2015111600
2015111900
2015121400
2015121700
2015122100
2016011100
2016011400
2016011800
2016012100
2016021100
2016021500
2016021800
2016031400
2016031700
2016032100
2016041100
2016041400
2016041800
2016042100
2016051200
2016051600
2016051900
2016061300
2016061600
2016062000
2016071100
2016071400
2016071800
2016072100
2016081100
2016081500
2016081800
2016091200
2016091500
2016091900
2016101300
2016101700
2016102000
2016111400
2016111700
2016112100
2016121200
2016121500
2016121900
2017011200
2017011600
2017011900
2017021300
2017021600
2017022000
2017031300
2017031600
2017032000
2017041300
2017041700
2017042000
2017051100
2017051500
2017051800
2017061200
2017061500
2017061900
2017071300
2017071700
2017072000
2017081400
2017081700
2017082100
2017091100
2017091400
2017091800
2017092100
2017101200
2017101600
2017101900
2017111300
2017111600
2017112000
2017121100
2017121400
2017121800
2017122100
2018011100
2018011500
2018011800
2018021200
2018021500
2018021900
2018031200
2018031500
2018031900
2018041200
2018041600
2018041900
2018051400
2018051700
2018052100
2018061100
2018061400
2018061800
2018062100
2018071200
2018071600
2018071900
2018081300
2018081600
2018082000
2018091300
2018091700
2018092000
2018101100
2018101500
2018101800
2018111200
2018111500
2018111900
2018121300
2018121700
2018122000
2019011400
2019011700
2019012100
2019021100
2019021400
2019021800
2019022100
2019031100
2019031400
2019031800
2019032100
2019041100
2019041500
2019041800
2019051300
2019051600
2019052000
2019061300
2019061700
2019062000
2019071100
2019071500
2019071800
2019081200
2019081500
2019081900
2019091200
2019091600
2019091900
2019101400
2019101700
2019102100
2019111100
2019111400
2019111800
2019112100
2019121200
2019121600
2019121900
2020011300
2020011600
2020012000
2020021300
2020021700
2020022000
2020031200
2020031600
2020031900
2020041300
2020041600
2020042000
2020051100
2020051400
2020051800
2020052100
2020061100
2020061500
2020061800
2020071300
2020071600
2020072000
2020081300
2020081700
2020082000
2020091400
2020091700
2020092100
2020101200
2020101500
2020101900
2020111200
2020111600
2020111900
2020121400
2020121700
2020122100
2021011100
2021011400
2021011800
2021012100
2021021100
2021021500
2021021800
2021031100
2021031500
2021031800
2021041200
2021041500
2021041900
2021051300
2021051700
2021052000
2021061400
2021061700
2021062100
2021071200
2021071500
2021071900
2021081200
2021081600
2021081900
2021091300
2021091600
2021092000
2021101100
2021101400
2021101800
2021102100
2021111100
2021111500
2021111800
2021121300
2021121600
2021122000
2022011300
2022011700
2022012000
2022021400
2022021700
2022022100
2022031400
2022031700
2022032100
2022041100
2022041400
2022041800
2022042100
2022051200
2022051600
2022051900
2022061300
2022061600
2022062000
2022071100
2022071400
2022071800
2022072100
2022081100
2022081500
2022081800
2022091200
2022091500
2022091900
2022101300
2022101700
2022102000
2022111400
2022111700
2022112100
2022121200
2022121500
2022121900
2023011200
2023011600
2023011900
2023021300
2023021600
2023022000
2023031300
2023031600
2023032000
2023041300
2023041700
2023042000
2023051100
2023051500
2023051800
2023061200
2023061500
2023061900
2023071300
2023071700
2023072000
2023081400
2023081700
2023082100
2023091100
2023091400
2023091800
2023092100
2023101200
2023101600
2023101900
2023111300
2023111600
2023112000
2023121100
2023121400
2023121800
2023122100
2024011100
2024011500
2024011800
2024021200
2024021500
2024021900
2024031100
2024031400
2024031800
2024032100
2024041100
2024041500
2024041800
2024051300
2024051600
2024052000
2024061300
2024061700
2024062000
2024071100
2024071500
2024071800
2024081200
2024081500
2024081900
2024091200
2024091600
2024091900
2024101400
2024101700
2024102100
2024111100
2024111400
2024111800
2024112100
2024121200
2024121600
2024121900
2025011300
2025011600
2025012000
2025021300
2025021700
2025022000
2025031300
2025031700
2025032000
2025041400
2025041700
2025042100
2025051200
2025051500
2025051900
2025061200
2025061600
2025061900
2025071400
2025071700
2025072100
2025081100
2025081400
2025081800
2025082100
2025091100
2025091500
2025091800
2025101300
2025101600
2025102000
2025111300
2025111700
2025112000
2025121100
2025121500
2025121800
2026011200
2026011500
2026011900
2026021200
2026021600
2026021900
2026031200
2026031600
2026031900
2026041300
2026041600
2026042000
2026051100
2026051400
2026051800
2026052100
2026061100
2026061500
2026061800
2026071300
2026071600
2026072000
2026081300
2026081700
2026082000
2026091400
2026091700
2026092100
2026101200
2026101500
2026101900
2026111200
2026111600
2026111900
2026121400
2026121700
2026122100
